%YAML:1.0
CameraMatrix: !!opencv-matrix
   rows: 3
   cols: 3
   dt: d
   data: [ 840.8436470631226000, 0., 356.0877306482655600, 0.,
       839.9133714437364200, 248.0603013302881500, 0., 0., 1. ]
DistortionCoeffs: !!opencv-matrix
   rows: 4
   cols: 1
   dt: d
   data: [ -0.4861758005002916, 0.2612043325809765,
       -2.8205596051716409e-003, -1.7971824611660414e-003 ]
